<<<<<<< Updated upstream
44.8024418354;45.877835989;45.2029759884;46.5510070324;44.3879368305;45.6271350384;45.9807808399;46.1901979446;43.1574268341;43.0425949097;43.662665844;42.6211128235;42.7328231335;44.0959708691;43.5729341507;44.8024418354;45.877835989;63.1626489162;36.4317271709;35.4819581509;35.9139871597;35.7532880306;
=======
<<<<<<< Updated upstream
44.8024418354;45.877835989;45.2029759884;46.5510070324;44.3879368305;45.6271350384;45.9807808399;46.1901979446;43.1574268341;43.0425949097;43.662665844;42.6211128235;42.7328231335;44.0959708691;43.5729341507;
=======
44.8024418354;45.877835989;212.927580833;
>>>>>>> Stashed changes
190.128341913;195.115633011;200.130343914;188.196035147;
>>>>>>> Stashed changes
