<<<<<<< Updated upstream
5.6662042141;5.48947620392;5.75092482567;5.40592384338;5.53955721855;6.33752393723;5.36176085472;5.61791396141;5.26164889336;5.28553700447;5.35298109055;5.24033904076;5.18180584908;5.42670893669;5.53525400162;5.6662042141;5.48947620392;8.74220013618;5.64365386963;5.25390100479;6.69772601128;5.33633685112;
=======
<<<<<<< Updated upstream
5.6662042141;5.48947620392;5.75092482567;5.40592384338;5.53955721855;6.33752393723;5.36176085472;5.61791396141;5.26164889336;5.28553700447;5.35298109055;5.24033904076;5.18180584908;5.42670893669;5.53525400162;
=======
5.6662042141;5.48947620392;27.6016058922;
>>>>>>> Stashed changes
24.1338939667;23.207449913;31.6370270252;50.8551120758;
>>>>>>> Stashed changes
